3.2192842317151764 9.3044544565773464
-8.8404951514257011 8.9728313670142423
-10.58039992945535 5.4184569789524479
12.427087800781591 0.75266840276826019
3.2551680490693555 6.4809644703934532
4.6931990621079827 13.420042866528275
11.734638795506287 0.49121446345681791
6.8252224702276569 0.26428680216959788
-7.1453383987357793 -7.4534423211543039
11.982425381419992 -1.9279861365618174
10.08839752267737 4.0285658465971226
10.133523855158211 2.7796990779484179
1.8340031608799288 -10.363812065049498
7.893646242653471 -2.2288048972003738
5.5452743979532491 10.24327729929079
8.8893176678051873 0.38508153894552577
5.5528621019188016 11.263754663175765
-8.0931428221378514 4.782992192510962
4.2789780026496054 -5.8346254035955845
-7.3963624654625484 4.5176218668910453
3.0170730903114409 -8.4325473192217597
7.0587958100522847 -2.6752716209061882
9.4583470931919127 0.49270988454982062
3.2576087651304446 -10.335555141802674
-7.6327741712347326 -6.9691134391377876
4.0300813980101342 6.171272397710819
5.1802429383200064 -8.0774368170653617
-0.06636079511688342 8.488720500134054
-8.5867152535184861 -5.4189847977461421
10.84633489367161 1.1847795688741349
3.2169071703251664 10.831059731648011
9.2298887395445171 0.4870105720135432
1.6288522405657022 10.758840796052374
-7.1383868808420701 -6.3201427715296186
-8.6831287902381451 3.4232888481809693
5.3454784374446671 0.15198646272642036
-9.8450193450060475 8.2826022074849082
9.4125075509863105 2.6603038049892276
8.409936692520386 9.0077713354492417
1.1266446939204413 -7.7124269685172822
0.6493148147773411 11.872547690998575
7.1052564077763769 -13.217257823157944
4.4809519344045832 -8.3011548352170461
-1.3585927599069492 -10.932331304536783
13.149120063163522 1.7999508813963729
1.4602113746816272 -8.6999005157971041
9.5988875128810349 3.3197133153982148
-11.161958818174536 7.281512067769321
-8.3339478385167407 5.0693849734568488
3.2955189785459562 -9.4289980903101043
7.4890684909412553 0.13282901002849209
-7.4895861555052425 4.3336419349696369
7.3019081174071232 -2.5761197405874023
11.810875995600801 -0.25102634744570052
-8.6330233319542753 -3.8023363085657906
-7.2276856800380198 5.2221499213896312
-4.1812749665544979 10.63838847164339
-0.75743269249844314 11.99628219737536
-6.9903589713322791 -1.2331190235050959
10.171286989932412 1.3118034384543031
-9.1632300640144599 9.1063504117334872
-4.7073103606429392 6.8907470345301451
-10.002732423049441 -10.12961206889959
4.9017181927952942 -6.3670832593900979
-4.5454000244182762 -6.0833971982220216
12.061725595893776 0.90193884520113898
-7.7918135615246262 -5.7790314140302641
-4.7921415134569614 -5.3296063013140804
12.932874442997548 1.5048470966993668
10.273512525768965 3.6737356344521106
-9.5296890966769201 6.361668256291833
2.6760154116295394 -7.6912071188695741
-5.0727976103604755 -6.4085584697754516
9.6578296057106918 1.0312994928256243
5.8879971302875909 6.5439653928421615
9.8551610812371209 1.0300682147799789
3.9024087970475989 9.7238560514104559
13.668422709665744 -2.3778401262783269
4.5781497481511222 -8.8693918798119906
11.369368766157539 -0.38261737556571512
-9.0076831351203204 -5.6013768840908433
3.6488613828183918 -13.175480841313789
-6.6798348736590309 -7.0565407799412192
-6.7484036307148934 7.7770285183748218
4.1563980768326827 7.0659383230986297
7.0168185690945251 -1.7390041262874159
3.2635592776448825 7.5115424408595173
-1.4996060348505789 -7.1224615635959152
0.10875675186204381 12.254052823803523
-5.9423326764282969 -8.3639450574164549
-9.2345439427989717 -5.4733522607589862
-9.4847904748926997 -4.6592949791260239
-9.7885623210778814 -6.6383408951852303
-5.0995979495423107 7.0637114841284312
11.20163801873816 -0.11042172563007598
4.7579414044442903 -6.4874201523873563
-7.2530468698533879 4.8307723489525651
10.391436691196571 1.9357531817175444
-8.2180856251396879 6.5078412774224468
8.4259033420366585 1.5620113085323379
