1.3182067386969516 6.7748957313655316
0.025844250977483885 2.1539130744766783
-0.68262233938038586 -0.45581502256013884
-0.32636869433645144 2.258183249548507
-0.7102726290027368 -1.483416483959598
-0.37824569430476451 0.50803519696844757
0.43317249910509625 1.4350531801705171
-1.8698730261006813 -1.3129956375598582
-1.6406632637136025 -2.9058899183841658
0.8399606637900825 4.4654596337621788
-0.29346754641362294 -1.0347969891037314
0.055455740859523761 2.1366680779093077
1.0644684835682003 6.907333255791924
1.7776616795072271 3.5551618488023364
0.58042573992987645 1.6195797104051599
-0.73551762008905852 -0.25195449520210822
-1.1922265339403908 -2.4547047026658406
1.8578307345369756 5.1511466897466098
0.72156050583217146 2.422771372644982
-0.82128825239726222 -0.31176037093652287
0.9314846944874704 4.9970845398868402
0.16358166854871747 2.0760589252687058
-1.3778981413825204 -2.9954825886543039
-0.755415633421614 -0.41608584898856837
1.5179546594929052 5.4598658137846421
1.1561036896561316 3.612251413495382
-1.7537848110703331 -3.5908964391147293
-0.31760959666652511 1.511895086144075
-1.3429201552730428 -1.6120380154158971
1.1590080956237343 5.0548283375941327
1.4379404369566831 4.3376300015150244
-0.18301919051862603 1.3693187986834252
0.055954203534054336 2.3367479222718193
-0.95064744711289162 0.8643721243652891
-1.5950607249140552 -2.0157341755421849
1.6363162428997304 4.9464675285647415
0.58451884300128576 3.2063117718548098
1.8100555224288994 4.2991121012927485
-1.7995978770106067 -2.8853678458811491
0.60883125776648761 0.56511104344876717
-0.9259689514054692 -3.3616333164861807
-0.60174630023267905 -0.68145580569524
-1.8516391347007319 -1.8914851332290175
1.1705237955743777 4.917672481108176
1.7064571827156638 4.7693663361211849
1.9732004757884765 6.4220014148991549
0.063732244887451994 2.7562327529529647
1.3991247475208244 3.5902255094839859
1.8301247523560589 6.1053104493241985
-1.7562902763769506 -3.5940480518383149
-1.3354166151244948 -1.6647345048180089
-0.16456802990047725 1.4300242517262431
-0.98218679519646601 -1.0021701510104075
1.6373756568464164 4.2933634646371219
1.7952705437301733 7.1378466257217044
-0.12123890560553452 2.2079096522280843
1.9553150819779925 6.5051580919169725
1.9875530543947213 6.4001282059669844
-1.2806470497943097 -0.82122638665485759
-1.9803551593638273 -2.9401670855295547
1.4466296250871036 4.9166610834349065
-1.9772629250052427 -2.9192133500645077
0.28059218387233686 2.2472141831392296
1.4168651064024225 3.7988378593874206
0.40348787041935896 2.7567251772108703
-1.3724026009703394 -0.45795487652500921
-0.4276833397897466 0.80601616034812318
1.9904803675141087 7.7167054034650855
-1.8497753484608794 -2.8169426365487307
-0.29765276964503329 1.1027088049470253
-0.73012107802351256 0.24727341834851646
0.46038827864229326 1.1040509838204002
1.5765092710491726 5.0095940772345608
-0.80616478934688285 -1.1386024111905182
0.35515910965109398 1.2073438038898732
0.67050751074374881 3.9030478322026583
0.3233717330656094 2.3868211971500126
-0.61839288966824313 -1.7025775768424387
-1.9916129841054784 -3.4504244948298517
1.6680171620118869 5.032739342701321
0.058452269194164685 2.3496773384366838
-0.20751699881505337 1.493246373794793
-1.1076565672391534 -1.9824450982164223
1.0734007978690654 3.2559061132809526
1.1299407605560092 5.2806119936891305
-0.57325887727201552 -1.3923480965763171
1.4136962817575744 4.4656423343595621
-1.0914954609583614 -1.4512382823043752
-1.7670589961406473 -3.2490968141880439
-1.2255995850891086 -3.1172192648266543
1.4937785203297236 6.1266503903072644
-1.5773222621990177 -1.4717335903925837
-0.37977612175287767 0.49073399296446579
-1.7335365133628753 -0.47712625763148608
1.736101126341048 5.8796111788757246
-0.65511887992284068 -0.59119114298488551
1.29685563120072 4.7167556897823264
-1.6845135439649459 -3.7322354464476888
1.2542296743622598 4.7288258500563307
-0.28787855752454528 0.31771280592226614
